kinematics:
  shoulder:
    x: 0
    y: 0
    z: 0.1623612035169074
    roll: -0
    pitch: 0
    yaw: -1.854675813622864e-08
  upper_arm:
    x: 0.0001366941645279084
    y: 0
    z: 0
    roll: 1.570461598121145
    pitch: 0
    yaw: -1.863116072414856e-06
  forearm:
    x: -0.4249901199405292
    y: 0
    z: 0
    roll: 3.139526198777457
    pitch: 3.141095688908693
    yaw: 3.141592443001872
  wrist_1:
    x: -0.3920757769363449
    y: -9.518928382362138e-05
    z: 0.1334994682553954
    roll: 0.0007130310624884547
    pitch: 0.0001151228294693433
    yaw: -1.821135069652477e-06
  wrist_2:
    x: 7.831817272287424e-05
    y: -0.09972259033869695
    z: 2.178273445984951e-05
    roll: 1.570577893498695
    pitch: 0
    yaw: 1.876012733596777e-07
  wrist_3:
    x: -4.44305114827301e-06
    y: 0.09965534150199443
    z: 4.607859202341714e-05
    roll: 1.571258706312594
    pitch: 3.141592653589793
    yaw: -3.141592648651823
  hash: calib_2716410656820026162